https://www.youtube.com/results?search_query=Longest+Common+Subsequence+recursion
https://www.geeksforgeeks.org/longest-common-subsequence-dp-using-memoization/
https://www.youtube.com/watch?v=Qf5R-uYQRPk&ab_channel=CSDojo
http://www.facweb.iitkgp.ac.in/~sourav/Lecture-12.pdf

30 - 5:
cctca
attaa
 0.0
cctgg
atttc
 0.0
ctcct
ccgct
0.0
cacgg
tgatt
0.0
Hep 0 o yüzden buraya kadar enough

30 - 10:

0.001039
0.164881
0.000995
0.0009942
0.070525
0.015178
0.0
0.015336
0.0009951
0.00464081
0.0176112
0.012454032
0.004070758
0.0010302
0.01461625099
0.038825750
0.001022
0.0010282
0.00653433
0.0
0.01550579
0.00370883941
0.0010
0.0148
0.00103
0.0201122
0.0300
0.00474
0.00302
0.0144
0.04013323

0.475/30 = 0.01583333 mean
0.03138344946 std

30-15:

0.615677
1.462382
0.68454909324646
0.9147675037384033
1.0988490581512451
0.1180267333984375  
0.7417807579040527  
0.3628103733062744  
1.179431438446045  
0.07277131080627441  
0.46809935569763184  
0.4956703186035156
0.9486865997314453  
0.6386327743530273  
0.11989307403564453  
1.0140070915222168  
0.0676569938659668  
1.2527554035186768
0.5897262096405029
1.3670086860656738
0.4078497886657715
1.0010020732879639
0.42932868003845215
0.38310813903808594
2.2635414600372314
0.8908872604370117
3.362171173095703
4.4445459842681885
0.1136932373046875
0.06307458877563477

27.557/30
mean: 0.9185666667
std: 0.9348630525

30-20:

15.357141017913818
163.3920648097992
68.50251722335815
167.89331650733948
175.67830967903137
766.8823056221008
42.82297730445862
77.7909824848175
13.727070331573486
1228.605625629425
34.85325360298157
137.54364705085754
52.76437211036682
22.442705869674683
757.1491405963898
72.74493145942688
565.6735985279083
1941.8916518688202
83.7383987903595
232.165913105011
593.0418138504028
130.44635772705078
32.4563353061676
18.41305136680603
40.87459349632263
222.8302550315857
87.13353610038757
13.268715381622314
56.099268198013306
27.939078092575073

mean:261.4703
std: 428.8026345

30-25:
1682.4794082641602
6666.171012639999
4334.927055835724

MEMOIZATION:
30-5:
0.0
0.0009942054748535156
0.0
0.0
0.0
0.0
0.0
0.0
0.0
0.0
0.0
0.0
0.0010023117065429688
0.0009717941284179688
0.0
0.0
0.0
0.0
0.0
0.0
0.0
0.0010230541229248047
0.0
0.0
0.0
0.0
0.0
0.0
0.0009970664978027344
0.0

30-10:
0.00099945068359375
0.0
0.0
0.0
0.0
0.0
0.0
0.0
0.0009961128234863281
0.0
0.0
0.0
0.0
0.0
0.0
0.0
0.0
0.0
0.0
0.0
0.0
0.0
0.0
0.0
0.0
0.000972747802734375
0.0
0.0
0.0
0.0

30-15:
0.0019905567169189453
0.0
0.0
0.0
0.000997304916381836
0.0
0.0
0.0
0.0
0.0
0.000997781753540039
0.0
0.0010144710540771484
0.0
0.0009975433349609375
0.001003265380859375
0.0
0.0
0.0
0.0
0.0009992122650146484
0.0
0.0
0.000997304916381836
0.0
0.0
0.0
0.0009968280792236328
0.0009949207305908203
0.0

30-20:
0.002001047134399414
0.0009984970092773438
0.0
0.000978708267211914
0.0009832382202148438
0.0009942054748535156
0.0009970664978027344
0.000989675521850586
0.0009801387786865234
0.0
0.0
0.0009844303131103516
0.000995635986328125
0.0
0.0
0.0
0.0009999275207519531
0.0010042190551757812
0.0010113716125488281
0.0
0.0009875297546386719
0.0
0.0009980201721191406
0.0009968280792236328
0.0
0.0009920597076416016
0.0
0.0
0.0
0.0009980201721191406

30-25:
0.0
0.001005411148071289
0.002016305923461914
0.002002239227294922
0.0019905567169189453
0.0010027885437011719
0.003000497817993164
0.001004934310913086
0.0009949207305908203
0.002012491226196289
0.0010120868682861328
0.0009608268737792969
0.0019919872283935547
0.0009989738464355469
0.0009992122650146484
0.0009999275207519531
0.0009975433349609375
0.0009927749633789062
0.0
0.001996278762817383
0.000985860824584961
0.0010030269622802734
0.0010056495666503906
0.002001047134399414
0.00202178955078125
0.0010046958923339844
0.0010020732879638672
0.0019826889038085938
0.0019969940185546875
0.000970840454101562511

